Results_vhdl_dec_real =

 22.5000 -2.5000 -5.2500 -3.5000 -1.2500 -4.0000 -5.7500 -0.7500
 -2.2500  2.0000  5.2500 -0.5000 -0.7500 -0.5000 -6.2500 -20.0000
  0.2500 -4.2500 -2.7500  0.7500 -1.0000       0  1.5000 -6.5000
 -4.0000  0.7500 -1.2500 -2.0000 -0.7500 -1.5000       0  0.7500
 -2.0000 -0.5000  1.2500       0 -0.7500 -0.7500 -2.5000 -1.2500
 -3.2500 -0.5000 -1.7500  1.0000  1.0000  1.7500  0.7500 -2.2500
 -2.2500  0.7500 -3.2500 -3.0000 -1.5000 -1.2500  3.2500  2.5000
 -3.5000  3.0000  1.5000  0.2500 -2.0000 -2.7500 -4.2500  5.2500


Result_octave_real =

 22.6982 -2.2052 -5.1230 -3.1886 -1.0303 -3.6678 -5.4980 -0.6102
 -1.8929  2.0962  5.4360 -0.3486 -0.5356 -0.3005 -6.0528 -19.8764
  0.5615 -4.1421 -2.6660  0.8132 -0.7861  0.2124  1.6719 -6.3835
 -3.6116  0.8337 -1.0429 -1.7275 -0.5406 -1.4101  0.0227  0.9040
 -1.8506 -0.3760  1.3457  0.2868 -0.4658 -0.6260 -2.3887 -0.9879
 -2.9977 -0.2522 -1.6821  1.2553  1.0747  1.8628  0.8692 -2.0928
 -2.1436  0.8307 -3.0879 -2.6987 -1.4365 -1.1042  3.3398  2.8628
 -3.1227  3.2538  1.6171  0.5159 -1.7172 -2.6618 -4.0266  5.5576


diff_real =

  0.1982  0.2948  0.1270  0.3114  0.2197  0.3322  0.2520  0.1398
  0.3571  0.0962  0.1860  0.1514  0.2144  0.1995  0.1972  0.1236
  0.3115  0.1079  0.0840  0.0632  0.2139  0.2124  0.1719  0.1165
  0.3884  0.0837  0.2071  0.2725  0.2094  0.0899  0.0227  0.1540
  0.1494  0.1240  0.0957  0.2868  0.2842  0.1240  0.1113  0.2621
  0.2523  0.2478  0.0679  0.2553  0.0747  0.1128  0.1192  0.1572
  0.1064  0.0807  0.1621  0.3013  0.0635  0.1458  0.0898  0.3628
  0.3773  0.2538  0.1171  0.2659  0.2828  0.0882  0.2234  0.3076
