# Created by Octave 4.2.1, Mon Nov 06 12:33:08 2017 CET <tlattmann@DIT03>
# name: I1
# type: matrix
# rows: 8
# columns: 8
 4 3 0 4 0 4 4 4
 2 9 3 7 4 9 7 2
 8 9 2 3 7 3 8 0
 8 0 9 5 5 5 3 6
 9 5 1 5 7 5 3 6
 3 3 1 4 0 8 0 7
 8 2 0 0 0 6 6 2
 0 6 9 8 1 2 5 1


# name: I2
# type: matrix
# rows: 8
# columns: 8
 3 0 8 5 4 2 3 0
 7 8 2 3 3 3 8 0
 6 7 3 9 9 7 7 7
 1 0 9 8 0 8 3 3
 2 5 9 0 3 9 2 0
 8 6 3 4 2 0 1 6
 9 2 1 7 1 4 0 9
 6 0 8 2 6 5 3 4


# name: N
# type: scalar
8


# name: W1
# type: matrix
# rows: 8
# columns: 8
 1 7 7 3 3 0 8 8
 0 0 6 4 8 7 3 7
 7 8 8 6 9 8 8 7
 5 7 1 0 5 0 5 1
 3 5 2 5 3 4 0 3
 1 4 4 4 2 3 9 6
 1 5 4 5 9 8 1 9
 0 8 8 5 9 4 6 3


# name: W2
# type: matrix
# rows: 8
# columns: 8
 0 1 7 6 5 3 1 7
 1 7 3 7 3 1 9 8
 5 5 2 0 4 0 2 1
 3 1 9 3 2 7 2 7
 0 5 6 4 0 6 1 2
 2 2 8 9 2 6 0 5
 0 4 2 5 1 1 5 0
 3 6 6 7 8 6 4 6


# name: argn
# type: sq_string
# elements: 1
# length: 1
8


# name: fid1
# type: scalar
31


# name: fid2
# type: scalar
32


# name: filename1
# type: sq_string
# elements: 1
# length: 23
InputMatrix_komplex.txt


# name: filename2
# type: sq_string
# elements: 1
# length: 27
InputMatrix_komplex_Int.mat


# name: filename3
# type: sq_string
# elements: 1
# length: 25
TwiddleMatrix_komplex.txt


# name: filename4
# type: sq_string
# elements: 1
# length: 25
TwiddleMatrix_komplex.mat


